{
 "cells": [
  {
   "cell_type": "code",
   "execution_count": 52,
   "metadata": {
    "collapsed": false,
    "scrolled": false
   },
   "outputs": [],
   "source": [
    "'''\n",
    "CSAAW Hackathon\n",
    "\n",
    "'''\n",
    "\n",
    "import numpy as np\n",
    "from numpy import genfromtxt\n",
    "from sklearn.metrics.pairwise import euclidean_distances\n",
    "import sklearn.metrics.pairwise as Kern\n",
    "from sklearn import preprocessing \n",
    "import glob\n",
    "import os\n",
    "\n",
    "def getSigma(X,sigmaType):\n",
    "    [n,d] = X.shape\n",
    "    \n",
    "    shat = np.var(X)\n",
    "    if sigmaType == 'Scott':\n",
    "        sigma = np.mean(n ** (-1.0/(d+4) * shat))\n",
    "    elif sigmaType == 'Silverman':\n",
    "        sigma = np.mean(n ** (-1/(d+4))*shat*(4.0/(d+2.0))**(1.0/(d+4.0)))\n",
    "    \n",
    "    return sigma\n",
    "\n",
    "def getSimilarityMatrix(NormalizationFlag,SimilarityFlag):\n",
    "    dataset_list = []\n",
    "    cwd = os.getcwd()\n",
    "    for files in glob.glob(cwd + \"/Site_specific_data/*.csv\"):\n",
    "        dataset_list.append(files)\n",
    "    \n",
    "    N = len(dataset_list)\n",
    "    dataset = genfromtxt(dataset_list[1], delimiter=',')\n",
    "    datasetTotal = np.zeros([1,dataset.shape[1]-1])\n",
    "    for site in range(0,N):\n",
    "    \n",
    "        dataset_file = dataset_list[site]\n",
    "        dataset = genfromtxt(dataset_file, delimiter=',')\n",
    "    \n",
    "        if len(dataset.shape) == 2:\n",
    "            datasetX = dataset[:,:-1]\n",
    "            datasetID = dataset[:,-1]\n",
    "        else: \n",
    "            dataset = dataset[np.newaxis,:]\n",
    "            datasetX = dataset[:,:-1]\n",
    "            datasetID = dataset[:,-1]\n",
    "    \n",
    "        if NormalizationFlag == 0:\n",
    "            dataset_normalized = preprocessing.normalize(datasetX, norm='l2')\n",
    "        elif NormalizationFlag == 1:\n",
    "            dataset_normalized = preprocessing.scale(datasetX)\n",
    "        elif NormalizationFlag == 2:\n",
    "            min_max_scaler = preprocessing.MinMaxScaler(feature_range=(0, 1))\n",
    "            dataset_normalized = min_max_scaler.fit_transform(datasetX)\n",
    "        \n",
    "        dataset_site = 'dataset' + str(site)\n",
    "        exec (dataset_site + \" = dataset_normalized\")\n",
    "    \n",
    "        datasetTotal = np.concatenate((datasetTotal,dataset_normalized),axis = 0)\n",
    "    \n",
    "    datasetTotal = datasetTotal[1:,:]\n",
    "    bw_prob = getSigma(datasetTotal,'Scott')\n",
    "    print bw_prob\n",
    "    Sim = np.zeros([N,N])\n",
    "    for ii in range(0,N):\n",
    "        dataset_ii = 'dataset' + str(ii)\n",
    "        X_ii = eval(dataset_ii)\n",
    "        for jj in range(0,N):\n",
    "            dataset_jj = 'dataset' + str(jj)\n",
    "            X_jj = eval(dataset_jj)\n",
    "            if SimilarityFlag == 0:\n",
    "                SimWithinSite = euclidean_distances(X_ii,X_jj) \n",
    "                Sim[ii,jj] = np.linalg.norm(SimWithinSite,ord = 'fro')/(float(M.shape[0])*float(M.shape[1]))\n",
    "            elif SimilarityFlag == 1:\n",
    "                SimWithinSite = Kern.rbf_kernel(X_ii,X_jj,bw_prob)\n",
    "                Sim[ii,jj] = np.mean(SimWithinSite)\n",
    "\n",
    "    if SimilarityFlag == 2:\n",
    "        SimFinal = np.zeros([N,N])\n",
    "        for ii in range(0,N):\n",
    "            dataset_ii = 'dataset' + str(ii)\n",
    "            for jj in range(0,N):\n",
    "                dataset_jj = 'dataset' + str(jj)\n",
    "                if SimilarityFlag == 0:\n",
    "                    SimFinal[ii,jj] = Sim[ii,jj]\n",
    "                elif SimilarityFlag == 1:\n",
    "                    expVar = Sim[i,i] + Sim[j,j] - 2*Sim[i,j]\n",
    "                    SimFinal[ii,jj] = np.exp(-sim*bwFinal)\n",
    "        Sim = np.copy(SimFinal)\n",
    "    return Sim, datasetTotal\n",
    "\n",
    "\n",
    "def getSimilarityMatrixEra(NormalizationFlag,SimilarityFlag):\n",
    "    dataset_list = []\n",
    "    cwd = os.getcwd()\n",
    "    for files in glob.glob(cwd + \"/Site_specific_data_with_ERA/*.csv\"):\n",
    "        dataset_list.append(files)\n",
    "    \n",
    "    N = len(dataset_list)\n",
    "    dataset = genfromtxt(dataset_list[1], delimiter=',')\n",
    "    datasetTotal = np.zeros([1,dataset.shape[1]-2])\n",
    "    for site in range(0,N):\n",
    "    \n",
    "        dataset_file = dataset_list[site]\n",
    "        dataset = genfromtxt(dataset_file, delimiter=',')\n",
    "    \n",
    "        if len(dataset.shape) == 2:\n",
    "            datasetX = dataset[:,:-2]\n",
    "            datasetERA = dataset[:,-1]\n",
    "            datasetID = dataset[:,-2]\n",
    "        else: \n",
    "            dataset = dataset[np.newaxis,:]\n",
    "            datasetX = dataset[:,:-2]\n",
    "            datasetERA = dataset[:,-1]\n",
    "            datasetID = dataset[:,-2]\n",
    "    \n",
    "        if NormalizationFlag == 0:\n",
    "            dataset_normalized = preprocessing.normalize(datasetX, norm='l2')\n",
    "        elif NormalizationFlag == 1:\n",
    "            dataset_normalized = preprocessing.scale(datasetX)\n",
    "        elif NormalizationFlag == 2:\n",
    "            min_max_scaler = preprocessing.MinMaxScaler(feature_range=(0, 1))\n",
    "            dataset_normalized = min_max_scaler.fit_transform(datasetX)\n",
    "        \n",
    "        dataset_site = 'dataset' + str(site)\n",
    "        exec (dataset_site + \" = dataset_normalized\")\n",
    "        \n",
    "        dataset_site_era = 'dataset_era' + str(site)\n",
    "        exec (dataset_site_era + \" = datasetERA\" )\n",
    "    \n",
    "        datasetTotal = np.concatenate((datasetTotal,dataset_normalized),axis = 0)\n",
    "    \n",
    "    datasetTotal = datasetTotal[1:,:]\n",
    "    bw_prob = getSigma(datasetTotal,'Scott')\n",
    "    print bw_prob\n",
    "    Sim = np.zeros([N,N])\n",
    "    for ii in range(0,N):\n",
    "        dataset_ii = 'dataset' + str(ii)\n",
    "        X_iiEra = eval('dataset_era' + str(ii))\n",
    "        X_ii = eval(dataset_ii)\n",
    "        for jj in range(0,N):\n",
    "            dataset_jj = 'dataset' + str(jj)\n",
    "            X_jjEra = eval('dataset_era' + str(jj))\n",
    "            X_jj = eval(dataset_jj)\n",
    "            if SimilarityFlag == 0:\n",
    "                SimWithinSite = euclidean_distances(X_ii,X_jj) \n",
    "                Sim[ii,jj] = np.linalg.norm(SimWithinSite,ord = 'fro')/(float(M.shape[0])*float(M.shape[1]))\n",
    "            elif SimilarityFlag == 1:\n",
    "                SimWithinSite = Kern.rbf_kernel(X_ii,X_jj,bw_prob)\n",
    "                EraSim = np.zeros([X_ii.shape[0],X_jj.shape[0]])\n",
    "                for pp in range(0,X_ii.shape[0]):\n",
    "                    for qq in range(0,X_jj.shape[0]):\n",
    "                        EraSim[pp,qq] = X_iiEra[pp] - X_jjEra[qq]\n",
    "                \n",
    "                \n",
    "                Sim[ii,jj] = np.mean(SimWithinSite*EraSim)\n",
    "    return Sim\n",
    "    \n"
   ]
  },
  {
   "cell_type": "code",
   "execution_count": 53,
   "metadata": {
    "collapsed": false
   },
   "outputs": [
    {
     "name": "stdout",
     "output_type": "stream",
     "text": [
      "0.803579418463\n",
      "0.807434765877\n"
     ]
    }
   ],
   "source": [
    "from sklearn import metrics\n",
    "from sklearn import cluster\n",
    "import matplotlib.pyplot as plt\n",
    "\n",
    "thres=0.04\n",
    "matrix_type='dist'\n",
    "\n",
    "NormalizationFlag = 1 # 0 is normalizing by norm, 1 is scale it, 2 is make it in between [0,1]\n",
    "SimilarityFlag = 1 #0 if euclidean DISTANCE (note distance and similarity), 1 if RKHS (mean embedding) with linear kernel, 2 if RKHS with Gaussian kernel\n",
    "Sim, datasetTotal = getSimilarityMatrix(NormalizationFlag,SimilarityFlag)\n",
    "\n",
    "SimEra = getSimilarityMatrixEra(NormalizationFlag,SimilarityFlag)\n",
    "\n",
    "'''\n",
    "#n = 100#datasetTotal.shape[0]\n",
    "#inertia = np.zeros([n])\n",
    "#for i in range(0,n):\n",
    "#    centroids,labels,inertia[i] = cluster.k_means(datasetTotal,n_clusters=31)\n",
    "#plt.plot(range(0,n), inertia)\n",
    "#plt.ylabel('Distances')\n",
    "#plt.show()\n",
    "'''\n",
    "\n",
    "centroids,labels,inertia = cluster.k_means(datasetTotal,n_clusters=5)\n"
   ]
  },
  {
   "cell_type": "code",
   "execution_count": 54,
   "metadata": {
    "collapsed": false
   },
   "outputs": [
    {
     "name": "stdout",
     "output_type": "stream",
     "text": [
      "[[  0.00000000e+00   8.31534630e-02   3.86000943e-03   1.97482339e-02\n",
      "    7.64732477e-03   6.72402596e-04   4.45049917e-03   1.47494106e-02\n",
      "    8.02561233e-02   8.63215742e-03   1.48391567e-02   7.41151807e-03\n",
      "    1.38241081e-03   8.02824467e-05   7.11968897e-02   7.00654608e-09\n",
      "    1.31320554e-04   7.67657485e-04   1.50543374e-03   3.46294183e-03\n",
      "    1.18004510e-03   9.71493877e-07   5.78651941e-03   2.49260838e-03\n",
      "    7.16068508e-03]\n",
      " [ -8.31534630e-02   0.00000000e+00  -2.62606711e-04   1.00688175e-03\n",
      "    1.37176756e-04   2.95665779e-04   4.51965906e-03  -1.93684274e-05\n",
      "   -1.11423914e-03   4.95693421e-04   5.71820633e-04   3.41411106e-04\n",
      "   -5.92379913e-05   2.06036103e-06   1.07938957e-03   2.54027268e-08\n",
      "    2.85731310e-05   5.40998961e-04   6.51136863e-05  -5.12846111e-04\n",
      "    7.58584923e-05  -1.41488696e-04   3.56944228e-04   9.63995240e-05\n",
      "    9.69817464e-05]\n",
      " [ -3.86000943e-03   2.62606711e-04   0.00000000e+00   2.74457265e-03\n",
      "    4.03929423e-03   2.27137253e-04   1.29178555e-02   0.00000000e+00\n",
      "    7.69074788e-04   5.65099587e-03   2.43095150e-03   2.76554618e-03\n",
      "   -2.15644365e-04   1.01440515e-04   4.48009960e-03   7.34796310e-08\n",
      "    1.54198803e-05   2.01726156e-04   1.85401250e-03  -5.96424217e-03\n",
      "    3.40719493e-04  -1.22429911e-03   3.57104090e-03   1.24952699e-03\n",
      "    1.55473641e-03]\n",
      " [ -1.97482339e-02  -1.00688175e-03  -2.74457265e-03  -7.68852510e-20\n",
      "   -2.25626845e-03  -1.02398436e-03  -1.61634627e-03  -1.35154818e-03\n",
      "   -3.62902748e-03   4.33765893e-04  -2.52249069e-03   1.01410960e-03\n",
      "   -1.19441604e-03  -9.63667269e-07  -1.99333716e-03  -1.01744359e-05\n",
      "   -3.24803611e-04   8.19382951e-04  -1.57936475e-04  -9.47902202e-03\n",
      "   -1.49298856e-05  -1.47773713e-05  -5.83165174e-04  -2.15362427e-07\n",
      "   -1.26540661e-04]\n",
      " [ -7.64732477e-03  -1.37176756e-04  -4.03929423e-03   2.25626845e-03\n",
      "    4.26325641e-18   3.43417679e-04  -1.87358827e-03  -2.31596237e-03\n",
      "   -1.12983486e-02   1.19344230e-03  -1.60540880e-03   1.63499122e-03\n",
      "   -1.29867270e-03  -5.26381718e-06  -2.79047287e-03  -3.20117559e-07\n",
      "    7.00411327e-05  -5.11498806e-04  -1.29816893e-03  -4.54720546e-03\n",
      "   -2.19941680e-04  -1.91700655e-04   1.23154521e-03  -9.97084621e-05\n",
      "   -8.64783112e-03]\n",
      " [ -6.72402596e-04  -2.95665779e-04  -2.27137253e-04   1.02398436e-03\n",
      "   -3.43417679e-04   0.00000000e+00  -3.78133580e-04  -6.58490830e-04\n",
      "   -1.17679323e-03   5.32565479e-04  -2.98307585e-04   1.13995699e-03\n",
      "   -7.22734238e-05  -2.85221153e-07   7.64476227e-04  -1.66540249e-07\n",
      "   -4.65263700e-06   6.00259143e-05  -6.30339472e-05  -1.48342859e-02\n",
      "   -2.91746541e-04  -5.47616235e-06   4.19024128e-04  -3.40486391e-05\n",
      "   -3.15271647e-04]\n",
      " [ -4.45049917e-03  -4.51965906e-03  -1.29178555e-02   1.61634627e-03\n",
      "    1.87358827e-03   3.78133580e-04   0.00000000e+00  -7.76913369e-04\n",
      "   -5.87405052e-03   3.06344656e-03  -5.31442971e-04   2.56223080e-03\n",
      "   -1.75450082e-04  -1.74185993e-05   4.99924992e-03  -5.64203936e-08\n",
      "   -5.18222799e-07   5.92075915e-03   0.00000000e+00  -1.32591521e-03\n",
      "    5.31502551e-05  -2.54324157e-05   5.06102082e-04   0.00000000e+00\n",
      "    4.27546210e-05]\n",
      " [ -1.47494106e-02   1.93684274e-05   0.00000000e+00   1.35154818e-03\n",
      "    2.31596237e-03   6.58490830e-04   7.76913369e-04   0.00000000e+00\n",
      "    1.08763472e-04   2.65693593e-04   1.21350497e-04   8.72791892e-04\n",
      "   -1.33087531e-05   3.13122218e-06   3.27262479e-03   4.97104056e-09\n",
      "    9.60247859e-06   7.60936810e-05   2.41411093e-04  -1.07469297e-03\n",
      "    4.90725810e-04  -2.23747574e-05   1.24403831e-03   4.08429371e-06\n",
      "    3.14515378e-05]\n",
      " [ -8.02561233e-02   1.11423914e-03  -7.69074788e-04   3.62902748e-03\n",
      "    1.12983486e-02   1.17679323e-03   5.87405052e-03  -1.08763472e-04\n",
      "   -2.64181564e-19   5.77315272e-03   1.30467731e-03   1.97858727e-03\n",
      "   -1.40343806e-03   1.44820669e-05   8.42118728e-03   2.97521022e-07\n",
      "    3.38675229e-06   1.60330287e-04   8.69625302e-04  -2.17481208e-03\n",
      "    1.42883589e-04  -7.42022209e-05   5.65053674e-04   3.49159172e-04\n",
      "    1.32754142e-03]\n",
      " [ -8.63215742e-03  -4.95693421e-04  -5.65099587e-03  -4.33765893e-04\n",
      "   -1.19344230e-03  -5.32565479e-04  -3.06344656e-03  -2.65693593e-04\n",
      "   -5.77315272e-03   0.00000000e+00  -4.37632790e-03   8.23380861e-04\n",
      "   -3.15738592e-04  -2.24424809e-06  -1.59299795e-03  -3.42605217e-06\n",
      "   -1.36918513e-03  -1.08523272e-05  -8.92535832e-04  -5.97753217e-03\n",
      "   -4.80672792e-04  -2.61115886e-04  -1.10644258e-04  -7.28263485e-04\n",
      "   -1.72869414e-03]\n",
      " [ -1.48391567e-02  -5.71820633e-04  -2.43095150e-03   2.52249069e-03\n",
      "    1.60540880e-03   2.98307585e-04   5.31442971e-04  -1.21350497e-04\n",
      "   -1.30467731e-03   4.37632790e-03  -1.27575182e-19   1.92473764e-03\n",
      "   -2.66450155e-04   4.28096521e-05   4.25591208e-03   5.89541339e-08\n",
      "   -4.81230711e-06   5.11744248e-04   7.30847110e-04  -4.04930260e-03\n",
      "    3.17831476e-04  -5.64698684e-04   1.26160011e-03   4.39310090e-05\n",
      "    5.68842744e-04]\n",
      " [ -7.41151807e-03  -3.41411106e-04  -2.76554618e-03  -1.01410960e-03\n",
      "   -1.63499122e-03  -1.13995699e-03  -2.56223080e-03  -8.72791892e-04\n",
      "   -1.97858727e-03  -8.23380861e-04  -1.92473764e-03   1.73472348e-20\n",
      "   -5.97876849e-04  -2.70749520e-06  -3.03607979e-03  -7.18770929e-07\n",
      "   -1.61331977e-04  -9.32674040e-04  -1.80693187e-03  -6.52181383e-02\n",
      "   -1.31886764e-03  -4.36198531e-05  -9.82551486e-05  -6.46080550e-04\n",
      "   -3.60455394e-03]\n",
      " [ -1.38241081e-03   5.92379913e-05   2.15644365e-04   1.19441604e-03\n",
      "    1.29867270e-03   7.22734238e-05   1.75450082e-04   1.33087531e-05\n",
      "    1.40343806e-03   3.15738592e-04   2.66450155e-04   5.97876849e-04\n",
      "    0.00000000e+00   3.12088751e-07   1.10176502e-03   2.40404990e-09\n",
      "    5.11946753e-06   2.94482944e-06   1.22348838e-04  -1.40318699e-03\n",
      "    7.80113675e-05  -1.55413741e-05   6.74116958e-04   4.10552895e-05\n",
      "    5.36117307e-04]\n",
      " [ -8.02824467e-05  -2.06036103e-06  -1.01440515e-04   9.63667269e-07\n",
      "    5.26381718e-06   2.85221153e-07   1.74185993e-05  -3.13122218e-06\n",
      "   -1.44820669e-05   2.24424809e-06  -4.28096521e-05   2.70749520e-06\n",
      "   -3.12088751e-07   0.00000000e+00   7.60643142e-05   0.00000000e+00\n",
      "    0.00000000e+00   1.66453806e-07   3.51641526e-06  -1.63260730e-04\n",
      "    5.87731866e-06  -1.23162865e-07   4.77504904e-06   1.29750710e-08\n",
      "    1.81382836e-07]\n",
      " [ -7.11968897e-02  -1.07938957e-03  -4.48009960e-03   1.99333716e-03\n",
      "    2.79047287e-03  -7.64476227e-04  -4.99924992e-03  -3.27262479e-03\n",
      "   -8.42118728e-03   1.59299795e-03  -4.25591208e-03   3.03607979e-03\n",
      "   -1.10176502e-03  -7.60643142e-05   0.00000000e+00  -2.21463911e-07\n",
      "   -1.83447886e-04  -1.88200482e-04  -7.78220229e-04  -3.76562028e-02\n",
      "   -1.24483104e-03  -4.21372500e-04  -3.26708933e-03  -1.23786611e-04\n",
      "   -1.94682474e-03]\n",
      " [ -7.00654608e-09  -2.54027268e-08  -7.34796310e-08   1.01744359e-05\n",
      "    3.20117559e-07   1.66540249e-07   5.64203936e-08  -4.97104056e-09\n",
      "   -2.97521022e-07   3.42605217e-06  -5.89541339e-08   7.18770929e-07\n",
      "   -2.40404990e-09   0.00000000e+00   2.21463911e-07   0.00000000e+00\n",
      "    0.00000000e+00   2.18001971e-09   3.99126670e-09  -8.78618537e-07\n",
      "    1.61250309e-07  -2.31037323e-09   1.44593000e-08   2.86005906e-08\n",
      "    4.64662381e-08]\n",
      " [ -1.31320554e-04  -2.85731310e-05  -1.54198803e-05   3.24803611e-04\n",
      "   -7.00411327e-05   4.65263700e-06   5.18222799e-07  -9.60247859e-06\n",
      "   -3.38675229e-06   1.36918513e-03   4.81230711e-06   1.61331977e-04\n",
      "   -5.11946753e-06   0.00000000e+00   1.83447886e-04   0.00000000e+00\n",
      "    0.00000000e+00   1.07532056e-03   4.66146335e-07  -1.99836281e-04\n",
      "    5.96117364e-04  -3.84938596e-08   2.44234678e-03   6.37589387e-07\n",
      "    1.56437803e-05]\n",
      " [ -7.67657485e-04  -5.40998961e-04  -2.01726156e-04  -8.19382951e-04\n",
      "    5.11498806e-04  -6.00259143e-05  -5.92075915e-03  -7.60936810e-05\n",
      "   -1.60330287e-04   1.08523272e-05  -5.11744248e-04   9.32674040e-04\n",
      "   -2.94482944e-06  -1.66453806e-07   1.88200482e-04  -2.18001971e-09\n",
      "   -1.07532056e-03   0.00000000e+00  -2.26216550e-04  -2.74724487e-02\n",
      "   -5.95432873e-04  -2.20846125e-05   7.64094582e-05  -7.80917246e-05\n",
      "   -1.60671452e-04]\n",
      " [ -1.50543374e-03  -6.51136863e-05  -1.85401250e-03   1.57936475e-04\n",
      "    1.29816893e-03   6.30339472e-05   0.00000000e+00  -2.41411093e-04\n",
      "   -8.69625302e-04   8.92535832e-04  -7.30847110e-04   1.80693187e-03\n",
      "   -1.22348838e-04  -3.51641526e-06   7.78220229e-04  -3.99126670e-09\n",
      "   -4.66146335e-07   2.26216550e-04   0.00000000e+00  -7.86500884e-03\n",
      "    9.33946471e-05  -1.76426423e-03   8.95191685e-04   0.00000000e+00\n",
      "    1.70684661e-05]\n",
      " [ -3.46294183e-03   5.12846111e-04   5.96424217e-03   9.47902202e-03\n",
      "    4.54720546e-03   1.48342859e-02   1.32591521e-03   1.07469297e-03\n",
      "    2.17481208e-03   5.97753217e-03   4.04930260e-03   6.52181383e-02\n",
      "    1.40318699e-03   1.63260730e-04   3.76562028e-02   8.78618537e-07\n",
      "    1.99836281e-04   2.74724487e-02   7.86500884e-03   0.00000000e+00\n",
      "    2.72055208e-02  -9.87241220e-06   1.04470828e-02   1.89982781e-03\n",
      "    2.68504610e-02]\n",
      " [ -1.18004510e-03  -7.58584923e-05  -3.40719493e-04   1.49298856e-05\n",
      "    2.19941680e-04   2.91746541e-04  -5.31502551e-05  -4.90725810e-04\n",
      "   -1.42883589e-04   4.80672792e-04  -3.17831476e-04   1.31886764e-03\n",
      "   -7.80113675e-05  -5.87731866e-06   1.24483104e-03  -1.61250309e-07\n",
      "   -5.96117364e-04   5.95432873e-04  -9.33946471e-05  -2.72055208e-02\n",
      "    0.00000000e+00  -5.51280735e-06   1.66546191e-04  -1.50379043e-05\n",
      "   -3.56860752e-04]\n",
      " [ -9.71493877e-07   1.41488696e-04   1.22429911e-03   1.47773713e-05\n",
      "    1.91700655e-04   5.47616235e-06   2.54324157e-05   2.23747574e-05\n",
      "    7.42022209e-05   2.61115886e-04   5.64698684e-04   4.36198531e-05\n",
      "    1.55413741e-05   1.23162865e-07   4.21372500e-04   2.31037323e-09\n",
      "    3.84938596e-08   2.20846125e-05   1.76426423e-03   9.87241220e-06\n",
      "    5.51280735e-06   0.00000000e+00   9.91787021e-05   1.84312820e-05\n",
      "    7.54829496e-06]\n",
      " [ -5.78651941e-03  -3.56944228e-04  -3.57104090e-03   5.83165174e-04\n",
      "   -1.23154521e-03  -4.19024128e-04  -5.06102082e-04  -1.24403831e-03\n",
      "   -5.65053674e-04   1.10644258e-04  -1.26160011e-03   9.82551486e-05\n",
      "   -6.74116958e-04  -4.77504904e-06   3.26708933e-03  -1.44593000e-08\n",
      "   -2.44234678e-03  -7.64094582e-05  -8.95191685e-04  -1.04470828e-02\n",
      "   -1.66546191e-04  -9.91787021e-05   0.00000000e+00  -1.01838712e-04\n",
      "   -7.65249193e-05]\n",
      " [ -2.49260838e-03  -9.63995240e-05  -1.24952699e-03   2.15362427e-07\n",
      "    9.97084621e-05   3.40486391e-05   0.00000000e+00  -4.08429371e-06\n",
      "   -3.49159172e-04   7.28263485e-04  -4.39310090e-05   6.46080550e-04\n",
      "   -4.10552895e-05  -1.29750710e-08   1.23786611e-04  -2.86005906e-08\n",
      "   -6.37589387e-07   7.80917246e-05   0.00000000e+00  -1.89982781e-03\n",
      "    1.50379043e-05  -1.84312820e-05   1.01838712e-04   0.00000000e+00\n",
      "    5.59182990e-06]\n",
      " [ -7.16068508e-03  -9.69817464e-05  -1.55473641e-03   1.26540661e-04\n",
      "    8.64783112e-03   3.15271647e-04  -4.27546210e-05  -3.14515378e-05\n",
      "   -1.32754142e-03   1.72869414e-03  -5.68842744e-04   3.60455394e-03\n",
      "   -5.36117307e-04  -1.81382836e-07   1.94682474e-03  -4.64662381e-08\n",
      "   -1.56437803e-05   1.60671452e-04  -1.70684661e-05  -2.68504610e-02\n",
      "    3.56860752e-04  -7.54829496e-06   7.65249193e-05  -5.59182990e-06\n",
      "    0.00000000e+00]]\n"
     ]
    }
   ],
   "source": [
    "print SimEra"
   ]
  },
  {
   "cell_type": "code",
   "execution_count": null,
   "metadata": {
    "collapsed": true
   },
   "outputs": [],
   "source": [
    "\n",
    "\n",
    "thres=0.04\n",
    "matrix_type='dist'\n",
    "\n",
    "NormalizationFlag = 1 # 0 is normalizing by norm, 1 is scale it, 2 is make it in between [0,1]\n",
    "SimilarityFlag = 1 #0 if euclidean DISTANCE (note distance and similarity), 1 if RKHS (mean embedding) with linear kernel, 2 if RKHS with Gaussian kernel\n",
    "Sim = getSimilarityMatrix(NormalizationFlag,SimilarityFlag)\n"
   ]
  },
  {
   "cell_type": "code",
   "execution_count": 38,
   "metadata": {
    "collapsed": false
   },
   "outputs": [
    {
     "name": "stdout",
     "output_type": "stream",
     "text": [
      "Once deleted, variables cannot be recovered. Proceed (y/[n])? y\n"
     ]
    }
   ],
   "source": [
    "%reset"
   ]
  },
  {
   "cell_type": "code",
   "execution_count": 39,
   "metadata": {
    "collapsed": false
   },
   "outputs": [
    {
     "name": "stdout",
     "output_type": "stream",
     "text": [
      "0.803579418463\n",
      "[[  2.50000005e-01   2.64683179e-05   1.06908283e-05   6.46980913e-07\n",
      "    1.72651630e-09   4.47441993e-05   2.63184488e-04   9.55082263e-13\n",
      "    2.33830055e-04   6.00182413e-07   2.30477169e-11   4.02315279e-05\n",
      "    2.79093361e-08   4.98238143e-04   6.19558063e-06   4.00245570e-07\n",
      "    9.99688487e-07   3.75153241e-06   1.06075954e-06   1.13003806e-05\n",
      "    6.08664063e-05   1.25871027e-06   1.83121214e-06   3.40987437e-07\n",
      "    6.71160677e-06   1.09377955e-05   7.19291589e-07   8.21039443e-07\n",
      "    2.95873012e-05   1.29429455e-08   3.30149590e-06]\n",
      " [  2.64683179e-05   2.29990924e-02   1.22044471e-05   8.54450946e-06\n",
      "    1.64187619e-06   1.71503949e-04   2.76869312e-04   1.13392265e-09\n",
      "    3.71470747e-04   2.82361851e-06   1.29056551e-08   4.01528299e-04\n",
      "    3.66954337e-08   3.76304362e-03   1.67054571e-05   8.72327111e-06\n",
      "    7.85022978e-06   3.69567845e-06   1.21307025e-05   1.91765346e-05\n",
      "    7.63841850e-05   1.81041106e-05   2.02862637e-05   6.13677294e-07\n",
      "    3.89720004e-05   9.50221191e-05   2.25075158e-05   4.90806053e-06\n",
      "    7.63488825e-05   1.31423989e-06   2.35215133e-05]\n",
      " [  1.06908283e-05   1.22044471e-05   2.50000004e-01   4.63875349e-08\n",
      "    1.33487418e-10   2.60316918e-06   8.18033163e-06   3.29759512e-14\n",
      "    2.29251780e-05   2.28600676e-07   4.13188696e-11   1.10060999e-04\n",
      "    5.73778727e-11   7.07721386e-06   7.50496069e-07   1.07335994e-07\n",
      "    3.71698607e-07   6.70271959e-07   1.71732416e-07   1.33755201e-05\n",
      "    1.10214422e-07   8.99113209e-08   4.03134555e-07   3.11954964e-07\n",
      "    9.91080313e-07   1.27132343e-05   5.51194665e-07   1.35293631e-07\n",
      "    1.41347788e-06   3.90525302e-08   9.94288432e-08]\n",
      " [  6.46980913e-07   8.54450946e-06   4.63875349e-08   2.30458207e-02\n",
      "    1.77715659e-07   1.99791426e-06   3.65717031e-05   2.90835862e-10\n",
      "    3.32099695e-05   3.12756185e-06   2.01541792e-09   2.90018982e-05\n",
      "    9.24678871e-08   5.31846970e-04   7.03701372e-05   4.76088863e-06\n",
      "    9.14319693e-05   2.39686827e-05   5.92680805e-05   2.36912500e-05\n",
      "    6.01737752e-05   5.15585664e-06   1.80207842e-05   6.95881226e-07\n",
      "    3.04206060e-05   2.89560880e-05   3.26717697e-06   2.05473571e-06\n",
      "    8.82473422e-06   8.27744965e-06   7.65474629e-06]\n",
      " [  1.72651630e-09   1.64187619e-06   1.33487418e-10   1.77715659e-07\n",
      "    3.33333333e-01   3.33762658e-08   3.06432868e-08   3.06729695e-14\n",
      "    6.66848336e-08   4.37545176e-08   3.12360687e-11   1.88494641e-10\n",
      "    1.82171449e-10   2.66105971e-06   9.49211662e-08   3.52740594e-08\n",
      "    3.64105926e-08   4.88930719e-08   1.12482480e-06   2.26955854e-08\n",
      "    3.64504056e-06   5.58938881e-09   1.77453594e-08   1.43255739e-11\n",
      "    1.07171589e-06   4.33769092e-07   3.44411475e-12   2.80986256e-09\n",
      "    2.00673479e-08   2.42059087e-09   7.82824222e-07]\n",
      " [  4.47441993e-05   1.71503949e-04   2.60316918e-06   1.99791426e-06\n",
      "    3.33762658e-08   2.67444888e-02   8.64169431e-04   1.47918463e-10\n",
      "    5.77032870e-04   2.84965097e-06   4.95519027e-10   2.55826736e-04\n",
      "    5.95412670e-09   1.01077970e-03   5.84404196e-06   3.28029211e-06\n",
      "    9.07354135e-06   1.37436782e-06   1.90220334e-05   2.84293732e-05\n",
      "    5.26103232e-06   1.21875062e-05   2.91489644e-05   2.23176790e-06\n",
      "    6.88603655e-06   2.46709022e-05   2.78864150e-04   5.73284656e-07\n",
      "    7.94035670e-05   2.56420799e-06   9.12419846e-06]\n",
      " [  2.63184488e-04   2.76869312e-04   8.18033163e-06   3.65717031e-05\n",
      "    3.06432868e-08   8.64169431e-04   3.29948682e-02   1.27499644e-10\n",
      "    3.46839609e-03   3.44927181e-05   1.86898191e-09   1.31433883e-03\n",
      "    1.04947754e-06   1.16759763e-02   5.52200670e-05   9.50993521e-06\n",
      "    3.11058079e-04   1.01052811e-05   1.50696055e-05   1.51744731e-04\n",
      "    1.04566450e-05   2.86001535e-05   5.24877191e-04   1.00283964e-05\n",
      "    7.45980752e-05   1.46549567e-04   1.57975762e-04   3.48905162e-06\n",
      "    2.80912550e-04   7.69768827e-06   8.87617179e-06]\n",
      " [  9.55082263e-13   1.13392265e-09   3.29759512e-14   2.90835862e-10\n",
      "    3.06729695e-14   1.47918463e-10   1.27499644e-10   5.00000000e-01\n",
      "    5.30466237e-10   3.37793209e-12   2.83401664e-14   3.01286302e-10\n",
      "    5.22893459e-13   3.77804482e-10   8.22240436e-10   2.44998667e-12\n",
      "    5.49849051e-09   1.73186918e-11   1.03205165e-11   1.81065150e-11\n",
      "    6.99600145e-11   4.10115756e-10   1.50946101e-10   4.02408535e-10\n",
      "    3.42981513e-11   1.02422012e-11   1.33222043e-11   4.20618240e-11\n",
      "    4.64762614e-10   3.10769342e-09   4.53254563e-09]\n",
      " [  2.33830055e-04   3.71470747e-04   2.29251780e-05   3.32099695e-05\n",
      "    6.66848336e-08   5.77032870e-04   3.46839609e-03   5.30466237e-10\n",
      "    2.57706402e-02   2.12668149e-05   3.94714393e-09   1.28201808e-03\n",
      "    4.81673750e-07   1.24656140e-02   5.56366164e-05   1.27004609e-05\n",
      "    4.45202378e-05   2.89223465e-05   5.81246901e-05   8.05843053e-05\n",
      "    8.73130462e-05   1.22301976e-04   8.04225948e-05   3.59470359e-05\n",
      "    9.95687194e-05   1.05396482e-04   2.99018858e-05   6.07047808e-06\n",
      "    1.73773024e-04   1.09780469e-05   2.20180607e-05]\n",
      " [  6.00182413e-07   2.82361851e-06   2.28600676e-07   3.12756185e-06\n",
      "    4.37545176e-08   2.84965097e-06   3.44927181e-05   3.37793209e-12\n",
      "    2.12668149e-05   4.35171375e-02   1.27797541e-09   3.49757635e-05\n",
      "    6.23790695e-08   7.10539069e-05   8.97813255e-06   1.85135185e-06\n",
      "    7.91027794e-06   8.31119330e-06   4.40571365e-06   2.81332951e-06\n",
      "    8.97761816e-06   2.73059967e-06   1.72564949e-05   4.98819423e-06\n",
      "    1.60627219e-05   6.21959475e-06   1.17054733e-04   6.55895701e-07\n",
      "    1.38570904e-05   6.73429880e-07   3.51981325e-06]\n",
      " [  2.30477169e-11   1.29056551e-08   4.13188696e-11   2.01541792e-09\n",
      "    3.12360687e-11   4.95519027e-10   1.86898191e-09   2.83401664e-14\n",
      "    3.94714393e-09   1.27797541e-09   2.50000000e-01   1.05641974e-10\n",
      "    3.48911217e-12   7.51269731e-08   2.04918831e-08   5.78112828e-11\n",
      "    5.02175603e-12   6.12887666e-10   8.40460528e-10   3.43175022e-08\n",
      "    1.21372127e-08   3.26229008e-09   9.98734489e-09   6.41194482e-11\n",
      "    2.24654261e-09   1.83157617e-09   1.55391326e-10   6.15938528e-09\n",
      "    5.93690813e-09   1.89980385e-11   1.34258798e-09]\n",
      " [  4.02315279e-05   4.01528299e-04   1.10060999e-04   2.90018982e-05\n",
      "    1.88494641e-10   2.55826736e-04   1.31433883e-03   3.01286302e-10\n",
      "    1.28201808e-03   3.49757635e-05   1.05641974e-10   1.27216206e-01\n",
      "    8.00155984e-08   1.84819066e-03   2.37689837e-05   3.17064871e-06\n",
      "    9.90333497e-05   7.25698968e-05   2.17131117e-06   4.52879846e-05\n",
      "    1.95278536e-06   9.05800565e-06   1.67956034e-05   2.38109689e-07\n",
      "    2.37344983e-05   9.88396396e-05   6.68499613e-07   2.88012718e-06\n",
      "    1.94179633e-04   2.49618069e-06   4.12037297e-06]\n",
      " [  2.79093361e-08   3.66954337e-08   5.73778727e-11   9.24678871e-08\n",
      "    1.82171449e-10   5.95412670e-09   1.04947754e-06   5.22893459e-13\n",
      "    4.81673750e-07   6.23790695e-08   3.48911217e-12   8.00155984e-08\n",
      "    3.33333333e-01   3.47756941e-06   3.23433151e-07   3.67642234e-08\n",
      "    1.11067401e-09   2.13821313e-07   1.96562247e-06   3.23803126e-07\n",
      "    3.62165406e-08   7.37962330e-09   1.07802935e-08   4.59204449e-09\n",
      "    8.80526588e-07   1.40195889e-07   7.53719751e-09   2.62669234e-08\n",
      "    5.38044541e-08   2.75404490e-08   2.50794728e-06]\n",
      " [  4.98238143e-04   3.76304362e-03   7.07721386e-06   5.31846970e-04\n",
      "    2.66105971e-06   1.01077970e-03   1.16759763e-02   3.77804482e-10\n",
      "    1.24656140e-02   7.10539069e-05   7.51269731e-08   1.84819066e-03\n",
      "    3.47756941e-06   1.00000000e+00   2.11969876e-03   5.89033322e-05\n",
      "    2.11967554e-04   2.41548876e-05   3.14527781e-04   2.39705475e-04\n",
      "    1.74933455e-03   2.30229403e-04   2.27990878e-03   7.92722323e-06\n",
      "    2.98668415e-03   7.71660762e-04   8.08396293e-05   8.39985657e-05\n",
      "    2.09056632e-03   7.79796860e-05   1.06217867e-03]\n",
      " [  6.19558063e-06   1.67054571e-05   7.50496069e-07   7.03701372e-05\n",
      "    9.49211662e-08   5.84404196e-06   5.52200670e-05   8.22240436e-10\n",
      "    5.56366164e-05   8.97813255e-06   2.04918831e-08   2.37689837e-05\n",
      "    3.23433151e-07   2.11969876e-03   1.09942297e-02   1.08229518e-05\n",
      "    7.70331806e-06   1.08065008e-05   2.97183742e-05   2.12074203e-05\n",
      "    5.88585822e-05   1.99573665e-05   1.52349044e-04   5.53247227e-06\n",
      "    3.23374301e-05   1.74217331e-05   5.11939216e-06   2.96523963e-06\n",
      "    2.25082234e-05   1.49225028e-05   1.65931115e-05]\n",
      " [  4.00245570e-07   8.72327111e-06   1.07335994e-07   4.76088863e-06\n",
      "    3.52740594e-08   3.28029211e-06   9.50993521e-06   2.44998667e-12\n",
      "    1.27004609e-05   1.85135185e-06   5.78112828e-11   3.17064871e-06\n",
      "    3.67642234e-08   5.89033322e-05   1.08229518e-05   5.00209671e-02\n",
      "    4.61010113e-05   4.08745470e-07   4.65105210e-06   1.37740173e-06\n",
      "    8.04498146e-06   4.54505618e-06   2.19893732e-07   2.41593636e-07\n",
      "    1.65526455e-06   8.88689994e-06   6.93308670e-07   4.35884359e-08\n",
      "    4.09926906e-06   3.10996453e-07   2.51302553e-06]\n",
      " [  9.99688487e-07   7.85022978e-06   3.71698607e-07   9.14319693e-05\n",
      "    3.64105926e-08   9.07354135e-06   3.11058079e-04   5.49849051e-09\n",
      "    4.45202378e-05   7.91027794e-06   5.02175603e-12   9.90333497e-05\n",
      "    1.11067401e-09   2.11967554e-04   7.70331806e-06   4.61010113e-05\n",
      "    8.33352333e-02   1.59807679e-04   4.95615079e-06   9.83829166e-06\n",
      "    5.00551925e-06   1.06096337e-06   1.49513733e-05   3.97209699e-06\n",
      "    9.60736753e-06   7.13465913e-06   9.93663935e-08   8.85415682e-07\n",
      "    7.89702498e-06   2.97116956e-06   3.28062503e-06]\n",
      " [  3.75153241e-06   3.69567845e-06   6.70271959e-07   2.39686827e-05\n",
      "    4.88930719e-08   1.37436782e-06   1.01052811e-05   1.73186918e-11\n",
      "    2.89223465e-05   8.31119330e-06   6.12887666e-10   7.25698968e-05\n",
      "    2.13821313e-07   2.41548876e-05   1.08065008e-05   4.08745470e-07\n",
      "    1.59807679e-04   5.02253518e-02   5.46457148e-06   3.41683944e-06\n",
      "    9.23250377e-05   3.07483082e-06   1.55984629e-06   1.21041657e-07\n",
      "    1.32550709e-05   4.74778577e-06   5.83408191e-09   2.01435696e-06\n",
      "    2.16601229e-06   6.52941373e-07   1.38015167e-06]\n",
      " [  1.06075954e-06   1.21307025e-05   1.71732416e-07   5.92680805e-05\n",
      "    1.12482480e-06   1.90220334e-05   1.50696055e-05   1.03205165e-11\n",
      "    5.81246901e-05   4.40571365e-06   8.40460528e-10   2.17131117e-06\n",
      "    1.96562247e-06   3.14527781e-04   2.97183742e-05   4.65105210e-06\n",
      "    4.95615079e-06   5.46457148e-06   4.02521574e-02   2.89512883e-05\n",
      "    1.32130039e-04   1.57223615e-06   7.74699174e-06   5.13013300e-06\n",
      "    3.27203540e-05   2.57651502e-05   1.03520694e-05   1.28359966e-05\n",
      "    1.19978061e-05   4.98254054e-06   1.66486986e-05]\n",
      " [  1.13003806e-05   1.91765346e-05   1.33755201e-05   2.36912500e-05\n",
      "    2.26955854e-08   2.84293732e-05   1.51744731e-04   1.81065150e-11\n",
      "    8.05843053e-05   2.81332951e-06   3.43175022e-08   4.52879846e-05\n",
      "    3.23803126e-07   2.39705475e-04   2.12074203e-05   1.37740173e-06\n",
      "    9.83829166e-06   3.41683944e-06   2.89512883e-05   2.09802561e-02\n",
      "    3.12732785e-05   1.07574099e-05   2.20292008e-05   5.84571150e-05\n",
      "    3.78884810e-05   9.95164142e-06   1.13620635e-05   7.45471209e-06\n",
      "    2.34870836e-05   1.33996642e-06   8.62261946e-06]\n",
      " [  6.08664063e-05   7.63841850e-05   1.10214422e-07   6.01737752e-05\n",
      "    3.64504056e-06   5.26103232e-06   1.04566450e-05   6.99600145e-11\n",
      "    8.73130462e-05   8.97761816e-06   1.21372127e-08   1.95278536e-06\n",
      "    3.62165406e-08   1.74933455e-03   5.88585822e-05   8.04498146e-06\n",
      "    5.00551925e-06   9.23250377e-05   1.32130039e-04   3.12732785e-05\n",
      "    5.01331275e-02   7.84916366e-06   1.39634821e-05   9.90087492e-07\n",
      "    8.26202984e-05   6.11648682e-05   1.72669470e-06   8.81647220e-06\n",
      "    1.90299784e-05   1.26376607e-06   1.56497654e-05]\n",
      " [  1.25871027e-06   1.81041106e-05   8.99113209e-08   5.15585664e-06\n",
      "    5.58938881e-09   1.21875062e-05   2.86001535e-05   4.10115756e-10\n",
      "    1.22301976e-04   2.73059967e-06   3.26229008e-09   9.05800565e-06\n",
      "    7.37962330e-09   2.30229403e-04   1.99573665e-05   4.54505618e-06\n",
      "    1.06096337e-06   3.07483082e-06   1.57223615e-06   1.07574099e-05\n",
      "    7.84916366e-06   5.05111894e-02   7.45617465e-06   1.82238704e-06\n",
      "    7.29701667e-06   5.36454240e-06   5.33516688e-07   7.11607382e-07\n",
      "    1.32598012e-05   3.89384163e-07   1.65945339e-06]\n",
      " [  1.83121214e-06   2.02862637e-05   4.03134555e-07   1.80207842e-05\n",
      "    1.77453594e-08   2.91489644e-05   5.24877191e-04   1.50946101e-10\n",
      "    8.04225948e-05   1.72564949e-05   9.98734489e-09   1.67956034e-05\n",
      "    1.07802935e-08   2.27990878e-03   1.52349044e-04   2.19893732e-07\n",
      "    1.49513733e-05   1.55984629e-06   7.74699174e-06   2.20292008e-05\n",
      "    1.39634821e-05   7.45617465e-06   3.37380528e-02   1.80759499e-06\n",
      "    2.86134520e-05   8.03406673e-06   3.91408953e-05   1.61307190e-06\n",
      "    2.85390922e-05   3.36868945e-06   3.64087262e-06]\n",
      " [  3.40987437e-07   6.13677294e-07   3.11954964e-07   6.95881226e-07\n",
      "    1.43255739e-11   2.23176790e-06   1.00283964e-05   4.02408535e-10\n",
      "    3.59470359e-05   4.98819423e-06   6.41194482e-11   2.38109689e-07\n",
      "    4.59204449e-09   7.92722323e-06   5.53247227e-06   2.41593636e-07\n",
      "    3.97209699e-06   1.21041657e-07   5.13013300e-06   5.84571150e-05\n",
      "    9.90087492e-07   1.82238704e-06   1.80759499e-06   1.25000196e-01\n",
      "    1.64496961e-06   4.22332556e-07   5.92492562e-08   1.75077931e-08\n",
      "    1.84621937e-05   1.21002303e-06   6.52509461e-08]\n",
      " [  6.71160677e-06   3.89720004e-05   9.91080313e-07   3.04206060e-05\n",
      "    1.07171589e-06   6.88603655e-06   7.45980752e-05   3.42981513e-11\n",
      "    9.95687194e-05   1.60627219e-05   2.24654261e-09   2.37344983e-05\n",
      "    8.80526588e-07   2.98668415e-03   3.23374301e-05   1.65526455e-06\n",
      "    9.60736753e-06   1.32550709e-05   3.27203540e-05   3.78884810e-05\n",
      "    8.26202984e-05   7.29701667e-06   2.86134520e-05   1.64496961e-06\n",
      "    1.71195207e-02   2.50088684e-05   3.69859477e-06   1.58619799e-06\n",
      "    1.35408575e-05   2.49345478e-06   3.04785605e-05]\n",
      " [  1.09377955e-05   9.50221191e-05   1.27132343e-05   2.89560880e-05\n",
      "    4.33769092e-07   2.46709022e-05   1.46549567e-04   1.02422012e-11\n",
      "    1.05396482e-04   6.21959475e-06   1.83157617e-09   9.88396396e-05\n",
      "    1.40195889e-07   7.71660762e-04   1.74217331e-05   8.88689994e-06\n",
      "    7.13465913e-06   4.74778577e-06   2.57651502e-05   9.95164142e-06\n",
      "    6.11648682e-05   5.36454240e-06   8.03406673e-06   4.22332556e-07\n",
      "    2.50088684e-05   1.96984319e-02   1.27063001e-05   1.31680478e-06\n",
      "    9.35399011e-06   4.32867104e-06   2.62147697e-05]\n",
      " [  7.19291589e-07   2.25075158e-05   5.51194665e-07   3.26717697e-06\n",
      "    3.44411475e-12   2.78864150e-04   1.57975762e-04   1.33222043e-11\n",
      "    2.99018858e-05   1.17054733e-04   1.55391326e-10   6.68499613e-07\n",
      "    7.53719751e-09   8.08396293e-05   5.11939216e-06   6.93308670e-07\n",
      "    9.93663935e-08   5.83408191e-09   1.03520694e-05   1.13620635e-05\n",
      "    1.72669470e-06   5.33516688e-07   3.91408953e-05   5.92492562e-08\n",
      "    3.69859477e-06   1.27063001e-05   3.33333333e-01   1.34864397e-08\n",
      "    1.68265448e-05   1.18402619e-07   5.60580606e-06]\n",
